  0.0000E+00  0.0000E+00  0.0000E+00  0.0000E+00  0.0000E+00  0.0000E+00
  0.0000E+00  0.0000E+00  0.0000E+00  0.0000E+00  0.0000E+00  0.0000E+00
  0.0000E+00  0.0000E+00  0.0000E+00  0.0000E+00  0.0000E+00  0.0000E+00
  0.0000E+00  0.0000E+00  0.0000E+00  0.0000E+00  0.0000E+00  0.0000E+00
  0.0000E+00  0.0000E+00  0.0000E+00  0.0000E+00  0.0000E+00  0.0000E+00
  0.0000E+00  0.0000E+00  0.0000E+00  0.0000E+00  0.0000E+00  0.0000E+00
  0.0000E+00  0.0000E+00  0.0000E+00  0.0000E+00  0.0000E+00  0.0000E+00
  0.0000E+00  0.0000E+00  0.0000E+00  0.0000E+00  0.0000E+00  0.0000E+00
  0.0000E+00  0.0000E+00  0.0000E+00  0.0000E+00  0.0000E+00  0.0000E+00
  0.0000E+00  0.0000E+00  0.0000E+00  0.0000E+00  0.0000E+00  0.0000E+00
  0.0000E+00  0.0000E+00  0.0000E+00  0.0000E+00  0.0000E+00  0.0000E+00
  0.0000E+00  0.0000E+00  0.0000E+00  0.0000E+00  0.0000E+00  0.0000E+00
  0.0000E+00  0.0000E+00  0.0000E+00  0.0000E+00  0.0000E+00  0.0000E+00
  0.0000E+00  0.0000E+00  0.0000E+00  0.0000E+00  0.0000E+00  0.0000E+00
  0.0000E+00  0.0000E+00  0.0000E+00  0.0000E+00  0.0000E+00  0.0000E+00
  0.0000E+00  0.0000E+00  0.0000E+00  0.0000E+00  0.0000E+00  0.0000E+00
  0.0000E+00  8.3961E-01  8.9756E-01  9.6411E-01  1.0413E+00  2.2451E+01
  2.4592E+01  2.7186E+01  3.0391E+01  8.6455E+01  8.8701E+01  9.1066E+01
  9.3562E+01  9.6198E+01  9.8986E+01  1.0194E+02  1.0508E+02  1.0842E+02
  1.1197E+02  1.1577E+02  1.1983E+02  5.3241E+02  5.5250E+02  5.7417E+02
  5.9762E+02  1.0633E+03  1.1105E+03  1.1622E+03  1.2189E+03  2.3867E+03
  2.5158E+03  2.6596E+03  2.8209E+03  6.1029E+03  6.5242E+03  7.0079E+03
  7.5691E+03  1.2091E+04  1.2987E+04  1.4028E+04  1.5249E+04  1.6703E+04
  4.8450E+04  5.4162E+04  7.4255E+04  9.9598E+04  1.1780E+05  4.0339E+04
  4.2521E+04  4.4952E+04  4.7678E+04  7.9040E+03  0.0000E+00  0.0000E+00
  0.0000E+00  0.0000E+00  0.0000E+00  0.0000E+00  0.0000E+00  0.0000E+00
  0.0000E+00  0.0000E+00  0.0000E+00  0.0000E+00  0.0000E+00  0.0000E+00
 1.000
ISS LEO cm^-2s^-1                                                                                   
