  0.0000E+00  0.0000E+00  0.0000E+00  0.0000E+00  0.0000E+00  0.0000E+00
  0.0000E+00  0.0000E+00  0.0000E+00  0.0000E+00  0.0000E+00  0.0000E+00
  0.0000E+00  0.0000E+00  0.0000E+00  5.1299E-01  5.7348E-01  2.9209E+00
  5.8240E+00  6.8883E+00  6.9736E+00  7.7958E+00  9.5423E+00  1.1776E+01
  1.3928E+01  8.7758E+00  9.8106E+00  1.1122E+01  1.2889E+01  6.5826E+00
  1.3882E+00  5.8223E+00  6.9682E+00  7.7898E+00  7.5807E+00  8.7513E+00
  3.3741E+00  3.6242E+00  3.9144E+00  4.2552E+00  4.6611E+00  2.8577E+00
  3.0122E+00  3.1844E+00  3.3776E+00  3.5956E+00  4.0476E+00  4.3477E+00
  4.6959E+00  5.1047E+00  5.5916E+00  1.5696E+00  1.6020E+00  1.6357E+00
  1.6709E+00  1.7076E+00  1.7460E+00  1.7861E+00  1.8282E+00  1.8722E+00
  1.9185E+00  1.9670E+00  2.0181E+00  2.0719E+00  2.1287E+00  2.1887E+00
  2.9183E+00  3.0054E+00  3.0979E+00  3.1963E+00  3.3011E+00  3.8875E+00
  4.0240E+00  4.1703E+00  4.3277E+00  4.4975E+00  5.3722E+00  5.6009E+00
  5.8499E+00  6.1221E+00  6.4209E+00  5.2167E+00  5.3878E+00  5.5705E+00
  5.7660E+00  5.9757E+00  6.2012E+00  6.4445E+00  6.7076E+00  8.7326E+00
  9.1208E+00  9.5452E+00  1.0011E+01  1.0525E+01  1.1094E+01  1.1728E+01
  1.2439E+01  2.2331E+01  2.3872E+01  2.5642E+01  2.7695E+01  3.8170E+01
  4.1811E+01  4.6220E+01  5.1669E+01  2.0497E+01  2.1029E+01  2.1590E+01
  2.2182E+01  2.2807E+01  2.3468E+01  2.4169E+01  2.4912E+01  2.5703E+01
  2.6546E+01  2.7446E+01  2.8409E+01  4.7744E+01  4.9546E+01  5.1489E+01
  5.3591E+01  7.0387E+01  7.3516E+01  7.6936E+01  8.0691E+01  1.0770E+02
  1.1353E+02  1.2002E+02  1.2730E+02  1.8658E+02  1.9946E+02  2.1425E+02
  2.3141E+02  2.6027E+02  2.7957E+02  3.0196E+02  3.2825E+02  3.5955E+02
  5.8080E+02  6.4928E+02  7.5711E+02  8.9672E+02  1.0606E+03  3.0220E+02
  3.1854E+02  3.3675E+02  3.5717E+02  5.9212E+01  0.0000E+00  0.0000E+00
  0.0000E+00  0.0000E+00  0.0000E+00  0.0000E+00  0.0000E+00  0.0000E+00
  0.0000E+00  0.0000E+00  0.0000E+00  0.0000E+00  0.0000E+00  0.0000E+00
 1.000
ISS LEO cm^-2s^-1                                                                                   
