  0.0000E+00  0.0000E+00  0.0000E+00  0.0000E+00  0.0000E+00  0.0000E+00
  0.0000E+00  0.0000E+00  0.0000E+00  0.0000E+00  0.0000E+00  0.0000E+00
  0.0000E+00  0.0000E+00  0.0000E+00  0.0000E+00  0.0000E+00  0.0000E+00
  0.0000E+00  0.0000E+00  0.0000E+00  0.0000E+00  0.0000E+00  0.0000E+00
  0.0000E+00  0.0000E+00  0.0000E+00  0.0000E+00  0.0000E+00  0.0000E+00
  0.0000E+00  0.0000E+00  0.0000E+00  0.0000E+00  0.0000E+00  0.0000E+00
  0.0000E+00  0.0000E+00  0.0000E+00  0.0000E+00  0.0000E+00  0.0000E+00
  0.0000E+00  0.0000E+00  0.0000E+00  0.0000E+00  0.0000E+00  0.0000E+00
  0.0000E+00  0.0000E+00  0.0000E+00  0.0000E+00  0.0000E+00  0.0000E+00
  0.0000E+00  0.0000E+00  0.0000E+00  0.0000E+00  0.0000E+00  0.0000E+00
  0.0000E+00  0.0000E+00  0.0000E+00  0.0000E+00  0.0000E+00  0.0000E+00
  1.2244E-03  1.2610E-03  1.2998E-03  1.3411E-03  1.3850E-03  1.4729E-02
  1.5246E-02  1.5801E-02  1.6397E-02  1.7040E-02  3.6277E-01  3.7821E-01
  3.9503E-01  4.1341E-01  4.3358E-01  4.9587E+00  5.1213E+00  5.2950E+00
  5.4808E+00  5.6801E+00  5.8945E+00  6.1257E+00  6.3758E+00  1.0782E+02
  1.1261E+02  1.1785E+02  1.2360E+02  1.2995E+02  1.3697E+02  1.4480E+02
  1.5359E+02  2.8543E+03  3.0513E+03  3.2775E+03  3.5400E+03  2.2424E+04
  2.4563E+04  2.7153E+04  3.0355E+04  3.6223E+04  3.7164E+04  3.8155E+04
  3.9200E+04  4.0304E+04  4.1473E+04  4.2711E+04  4.4025E+04  4.5423E+04
  4.6913E+04  4.8503E+04  5.0206E+04  1.2097E+05  1.2553E+05  1.3046E+05
  1.3578E+05  1.9290E+05  2.0148E+05  2.1085E+05  2.2114E+05  3.2807E+05
  3.4581E+05  3.6558E+05  3.8775E+05  5.5105E+05  5.8908E+05  6.3275E+05
  6.8342E+05  7.3374E+05  7.8813E+05  8.5125E+05  9.2536E+05  1.0136E+06
  1.4770E+06  1.6512E+06  1.8603E+06  2.1351E+06  2.5253E+06  6.8792E+05
  7.2513E+05  7.6659E+05  8.1307E+05  1.3479E+05  0.0000E+00  0.0000E+00
  0.0000E+00  0.0000E+00  0.0000E+00  0.0000E+00  0.0000E+00  0.0000E+00
  0.0000E+00  0.0000E+00  0.0000E+00  0.0000E+00  0.0000E+00  0.0000E+00
 1.000
ISS LEO cm^-2s^-1                                                                                   
