  0.0000E+00  0.0000E+00  0.0000E+00  0.0000E+00  0.0000E+00  0.0000E+00
  0.0000E+00  0.0000E+00  0.0000E+00  0.0000E+00  0.0000E+00  0.0000E+00
  0.0000E+00  0.0000E+00  0.0000E+00  0.0000E+00  0.0000E+00  3.9750E-02
  8.8814E-02  1.0505E-01  1.5429E-01  1.7248E-01  2.4203E-01  3.2960E-01
  3.8983E-01  2.7162E-01  3.0364E-01  3.4424E-01  4.1261E-01  2.1164E-01
  4.4631E-02  1.8719E-01  2.1543E-01  2.4084E-01  2.3476E-01  2.7100E-01
  1.0690E-01  1.1483E-01  1.2402E-01  1.3482E-01  1.4768E-01  8.4528E-02
  8.9099E-02  9.4193E-02  9.9905E-02  1.0635E-01  1.2380E-01  1.3298E-01
  1.4363E-01  1.5613E-01  1.7102E-01  6.5367E-02  6.6715E-02  6.8119E-02
  6.9584E-02  7.1114E-02  7.2712E-02  7.4384E-02  7.6134E-02  7.7969E-02
  7.9894E-02  8.1917E-02  8.4045E-02  8.6286E-02  8.8651E-02  9.1148E-02
  1.4121E-01  1.4542E-01  1.4990E-01  1.5466E-01  1.5973E-01  2.1121E-01
  2.1863E-01  2.2658E-01  2.3513E-01  2.4435E-01  3.1784E-01  3.3137E-01
  3.4610E-01  3.6221E-01  3.7988E-01  3.3249E-01  3.4340E-01  3.5504E-01
  3.6750E-01  3.8087E-01  3.9524E-01  4.1075E-01  4.2752E-01  5.6441E-01
  5.8950E-01  6.1693E-01  6.4703E-01  6.8023E-01  7.1702E-01  7.5801E-01
  8.0398E-01  1.3376E+00  1.4299E+00  1.5360E+00  1.6590E+00  2.0795E+00
  2.2779E+00  2.5181E+00  2.8150E+00  8.9434E-01  9.1757E-01  9.4205E-01
  9.6786E-01  9.9512E-01  1.0240E+00  1.0545E+00  1.0870E+00  1.1215E+00
  1.1583E+00  1.1976E+00  1.2396E+00  1.6995E+00  1.7636E+00  1.8328E+00
  1.9076E+00  2.2893E+00  2.3910E+00  2.5023E+00  2.6244E+00  3.1411E+00
  3.3110E+00  3.5003E+00  3.7126E+00  4.7230E+00  5.0490E+00  5.4233E+00
  5.8576E+00  5.5114E+00  5.9200E+00  6.3941E+00  6.9508E+00  7.6137E+00
  9.8557E+00  1.1018E+01  1.1991E+01  1.3302E+01  1.5733E+01  3.9732E+00
  4.1881E+00  4.4275E+00  4.6960E+00  7.7850E-01  0.0000E+00  0.0000E+00
  0.0000E+00  0.0000E+00  0.0000E+00  0.0000E+00  0.0000E+00  0.0000E+00
  0.0000E+00  0.0000E+00  0.0000E+00  0.0000E+00  0.0000E+00  0.0000E+00
 1.000
ISS LEO cm^-2s^-1                                                                                   
