4.00E+08
3.00E+08
2.00E+08
1.50E+08
1.00E+08
7.00E+07
6.00E+07
5.00E+07
4.00E+07
3.00E+07
2.00E+07
1.50E+07
1.00E+07
7.00E+06
6.00E+06
5.00E+06
4.00E+06
3.00E+06
2.00E+06
1.50E+06
1.00E+06
7.00E+05
6.00E+05
5.00E+05
4.00E+05
3.00E+05
2.00E+05
1.50E+05
1.00E+05
7.92E+04


0
0.23361
0.421275
0.86695
0.9195
0.41261
0.44346
0.45627
0.50576
0.62825
0.47408
0.72755
1.15404
0.75091
1.1359
1.7374
3.0128
5.3771
5.9625
9.6905
12.5994
7.2035
9.807
13.665
21.053
32.39
26.9105
34.988
18.06333333
1.0
ISS LEO cm^-2s^-1