4.00E+08
3.00E+08
2.00E+08
1.50E+08
1.00E+08
7.00E+07
6.00E+07
5.00E+07
4.00E+07
3.00E+07
2.00E+07
1.50E+07
1.00E+07
7.00E+06
6.00E+06
5.00E+06
4.00E+06
3.00E+06
2.00E+06
1.50E+06
1.00E+06
7.00E+05
6.00E+05
5.00E+05
4.00E+05
3.00E+05
2.00E+05
1.50E+05
1.00E+05
7.92E+04


1.4007
15.319
19.041
30.975
29.7087
12.889
13.793
14.758
16.332
19.829
16.0275
23.7875
27.7113
15.519
20.907
29.366
47.27
83.195
99.54
177.87
288.759
202.37
301.53
468.54
831.7
1529.6
1585.85
2358.65
1373.875
1.0
ISS LEO cm^-2s^-1